DATASET_COLORSTRIP
SEPARATOR TAB
DATASET_LABEL	Label family 0
COLOR	red
LEGEND_TITLE	Label family 0
STRIP_WIDTH	75
LEGEND_SHAPES	2	2	2	2	2	2	2	2	2	2
LEGEND_LABELS	1	4	7	5	2	6	3	9	8	0
LEGEND_COLORS	#97cc04	#982649	#474647	#ffc0be	#eeb902	#03045e	#f45d01	#c6ecae	#23ce6b	#2d7dd2
DATA
0	rgba(151,204,4,1.0)	1
1	rgba(151,204,4,1.0)	1
2	rgba(152,38,73,1.0)	4
3	rgba(71,70,71,1.0)	7
4	rgba(255,192,190,1.0)	5
5	rgba(255,192,190,1.0)	5
6	rgba(238,185,2,1.0)	2
7	rgba(3,4,94,1.0)	6
8	rgba(238,185,2,1.0)	2
9	rgba(238,185,2,1.0)	2
10	rgba(244,93,1,1.0)	3
11	rgba(152,38,73,1.0)	4
12	rgba(244,93,1,1.0)	3
13	rgba(198,236,174,1.0)	9
14	rgba(238,185,2,1.0)	2
15	rgba(244,93,1,1.0)	3
16	rgba(255,192,190,1.0)	5
17	rgba(151,204,4,1.0)	1
18	rgba(151,204,4,1.0)	1
19	rgba(35,206,107,1.0)	8
20	rgba(255,192,190,1.0)	5
21	rgba(255,192,190,1.0)	5
22	rgba(244,93,1,1.0)	3
23	rgba(255,192,190,1.0)	5
24	rgba(151,204,4,1.0)	1
25	rgba(198,236,174,1.0)	9
26	rgba(238,185,2,1.0)	2
27	rgba(35,206,107,1.0)	8
28	rgba(151,204,4,1.0)	1
29	rgba(3,4,94,1.0)	6
30	rgba(255,192,190,1.0)	5
31	rgba(152,38,73,1.0)	4
32	rgba(198,236,174,1.0)	9
33	rgba(198,236,174,1.0)	9
34	rgba(244,93,1,1.0)	3
35	rgba(45,125,210,1.0)	0
36	rgba(152,38,73,1.0)	4
37	rgba(152,38,73,1.0)	4
38	rgba(3,4,94,1.0)	6
39	rgba(198,236,174,1.0)	9
40	rgba(244,93,1,1.0)	3
41	rgba(45,125,210,1.0)	0
42	rgba(35,206,107,1.0)	8
43	rgba(152,38,73,1.0)	4
44	rgba(3,4,94,1.0)	6
45	rgba(45,125,210,1.0)	0
46	rgba(151,204,4,1.0)	1
47	rgba(3,4,94,1.0)	6
48	rgba(71,70,71,1.0)	7
49	rgba(3,4,94,1.0)	6
50	rgba(255,192,190,1.0)	5
51	rgba(198,236,174,1.0)	9
52	rgba(255,192,190,1.0)	5
53	rgba(152,38,73,1.0)	4
54	rgba(45,125,210,1.0)	0
55	rgba(151,204,4,1.0)	1
56	rgba(35,206,107,1.0)	8
57	rgba(152,38,73,1.0)	4
58	rgba(152,38,73,1.0)	4
59	rgba(198,236,174,1.0)	9
60	rgba(45,125,210,1.0)	0
61	rgba(151,204,4,1.0)	1
62	rgba(151,204,4,1.0)	1
63	rgba(255,192,190,1.0)	5
64	rgba(198,236,174,1.0)	9
65	rgba(35,206,107,1.0)	8
66	rgba(152,38,73,1.0)	4
67	rgba(35,206,107,1.0)	8
68	rgba(244,93,1,1.0)	3
69	rgba(255,192,190,1.0)	5
70	rgba(244,93,1,1.0)	3
71	rgba(255,192,190,1.0)	5
72	rgba(71,70,71,1.0)	7
73	rgba(255,192,190,1.0)	5
74	rgba(45,125,210,1.0)	0
75	rgba(71,70,71,1.0)	7
76	rgba(152,38,73,1.0)	4
77	rgba(198,236,174,1.0)	9
78	rgba(45,125,210,1.0)	0
79	rgba(45,125,210,1.0)	0
80	rgba(71,70,71,1.0)	7
81	rgba(255,192,190,1.0)	5
82	rgba(45,125,210,1.0)	0
83	rgba(238,185,2,1.0)	2
84	rgba(35,206,107,1.0)	8
85	rgba(244,93,1,1.0)	3
86	rgba(151,204,4,1.0)	1
87	rgba(151,204,4,1.0)	1
88	rgba(198,236,174,1.0)	9
89	rgba(244,93,1,1.0)	3
90	rgba(152,38,73,1.0)	4
91	rgba(71,70,71,1.0)	7
92	rgba(198,236,174,1.0)	9
93	rgba(45,125,210,1.0)	0
94	rgba(151,204,4,1.0)	1
95	rgba(35,206,107,1.0)	8
96	rgba(45,125,210,1.0)	0
97	rgba(244,93,1,1.0)	3
98	rgba(198,236,174,1.0)	9
99	rgba(244,93,1,1.0)	3
100	rgba(45,125,210,1.0)	0
101	rgba(152,38,73,1.0)	4
102	rgba(255,192,190,1.0)	5
103	rgba(255,192,190,1.0)	5
104	rgba(71,70,71,1.0)	7
105	rgba(152,38,73,1.0)	4
106	rgba(151,204,4,1.0)	1
107	rgba(198,236,174,1.0)	9
108	rgba(244,93,1,1.0)	3
109	rgba(152,38,73,1.0)	4
110	rgba(71,70,71,1.0)	7
111	rgba(45,125,210,1.0)	0
112	rgba(198,236,174,1.0)	9
113	rgba(151,204,4,1.0)	1
114	rgba(238,185,2,1.0)	2
115	rgba(244,93,1,1.0)	3
116	rgba(45,125,210,1.0)	0
117	rgba(198,236,174,1.0)	9
118	rgba(45,125,210,1.0)	0
119	rgba(238,185,2,1.0)	2
120	rgba(45,125,210,1.0)	0
121	rgba(255,192,190,1.0)	5
122	rgba(71,70,71,1.0)	7
123	rgba(238,185,2,1.0)	2
124	rgba(3,4,94,1.0)	6
125	rgba(244,93,1,1.0)	3
126	rgba(152,38,73,1.0)	4
127	rgba(45,125,210,1.0)	0
128	rgba(3,4,94,1.0)	6
129	rgba(238,185,2,1.0)	2
130	rgba(152,38,73,1.0)	4
131	rgba(238,185,2,1.0)	2
132	rgba(3,4,94,1.0)	6
133	rgba(198,236,174,1.0)	9
134	rgba(152,38,73,1.0)	4
135	rgba(45,125,210,1.0)	0
136	rgba(45,125,210,1.0)	0
137	rgba(152,38,73,1.0)	4
138	rgba(198,236,174,1.0)	9
139	rgba(255,192,190,1.0)	5
140	rgba(3,4,94,1.0)	6
141	rgba(3,4,94,1.0)	6
142	rgba(45,125,210,1.0)	0
143	rgba(198,236,174,1.0)	9
144	rgba(45,125,210,1.0)	0
145	rgba(238,185,2,1.0)	2
146	rgba(35,206,107,1.0)	8
147	rgba(35,206,107,1.0)	8
148	rgba(198,236,174,1.0)	9
149	rgba(151,204,4,1.0)	1
150	rgba(151,204,4,1.0)	1
151	rgba(238,185,2,1.0)	2
152	rgba(71,70,71,1.0)	7
153	rgba(3,4,94,1.0)	6
154	rgba(152,38,73,1.0)	4
155	rgba(3,4,94,1.0)	6
156	rgba(198,236,174,1.0)	9
157	rgba(151,204,4,1.0)	1
158	rgba(198,236,174,1.0)	9
159	rgba(3,4,94,1.0)	6
160	rgba(45,125,210,1.0)	0
161	rgba(255,192,190,1.0)	5
162	rgba(255,192,190,1.0)	5
163	rgba(238,185,2,1.0)	2
164	rgba(3,4,94,1.0)	6
165	rgba(244,93,1,1.0)	3
166	rgba(35,206,107,1.0)	8
167	rgba(255,192,190,1.0)	5
168	rgba(152,38,73,1.0)	4
169	rgba(151,204,4,1.0)	1
170	rgba(45,125,210,1.0)	0
171	rgba(198,236,174,1.0)	9
172	rgba(3,4,94,1.0)	6
173	rgba(238,185,2,1.0)	2
174	rgba(238,185,2,1.0)	2
175	rgba(35,206,107,1.0)	8
176	rgba(45,125,210,1.0)	0
177	rgba(198,236,174,1.0)	9
178	rgba(45,125,210,1.0)	0
179	rgba(152,38,73,1.0)	4
180	rgba(255,192,190,1.0)	5
181	rgba(238,185,2,1.0)	2
182	rgba(152,38,73,1.0)	4
183	rgba(71,70,71,1.0)	7
184	rgba(152,38,73,1.0)	4
185	rgba(244,93,1,1.0)	3
186	rgba(3,4,94,1.0)	6
187	rgba(238,185,2,1.0)	2
188	rgba(255,192,190,1.0)	5
189	rgba(3,4,94,1.0)	6
190	rgba(238,185,2,1.0)	2
191	rgba(71,70,71,1.0)	7
192	rgba(198,236,174,1.0)	9
193	rgba(244,93,1,1.0)	3
194	rgba(244,93,1,1.0)	3
195	rgba(152,38,73,1.0)	4
196	rgba(35,206,107,1.0)	8
197	rgba(255,192,190,1.0)	5
198	rgba(151,204,4,1.0)	1
199	rgba(45,125,210,1.0)	0
200	rgba(198,236,174,1.0)	9
201	rgba(151,204,4,1.0)	1
202	rgba(45,125,210,1.0)	0
203	rgba(255,192,190,1.0)	5
204	rgba(238,185,2,1.0)	2
205	rgba(3,4,94,1.0)	6
206	rgba(238,185,2,1.0)	2
207	rgba(238,185,2,1.0)	2
208	rgba(45,125,210,1.0)	0
209	rgba(71,70,71,1.0)	7
210	rgba(244,93,1,1.0)	3
211	rgba(152,38,73,1.0)	4
212	rgba(238,185,2,1.0)	2
213	rgba(255,192,190,1.0)	5
214	rgba(255,192,190,1.0)	5
215	rgba(45,125,210,1.0)	0
216	rgba(35,206,107,1.0)	8
217	rgba(151,204,4,1.0)	1
218	rgba(198,236,174,1.0)	9
219	rgba(255,192,190,1.0)	5
220	rgba(45,125,210,1.0)	0
221	rgba(152,38,73,1.0)	4
222	rgba(45,125,210,1.0)	0
223	rgba(255,192,190,1.0)	5
224	rgba(152,38,73,1.0)	4
225	rgba(45,125,210,1.0)	0
226	rgba(45,125,210,1.0)	0
227	rgba(71,70,71,1.0)	7
228	rgba(35,206,107,1.0)	8
229	rgba(35,206,107,1.0)	8
230	rgba(3,4,94,1.0)	6
231	rgba(151,204,4,1.0)	1
232	rgba(198,236,174,1.0)	9
233	rgba(151,204,4,1.0)	1
234	rgba(71,70,71,1.0)	7
235	rgba(151,204,4,1.0)	1
236	rgba(255,192,190,1.0)	5
237	rgba(238,185,2,1.0)	2
238	rgba(198,236,174,1.0)	9
239	rgba(244,93,1,1.0)	3
240	rgba(35,206,107,1.0)	8
241	rgba(71,70,71,1.0)	7
242	rgba(198,236,174,1.0)	9
243	rgba(151,204,4,1.0)	1
244	rgba(3,4,94,1.0)	6
245	rgba(238,185,2,1.0)	2
246	rgba(238,185,2,1.0)	2
247	rgba(244,93,1,1.0)	3
248	rgba(71,70,71,1.0)	7
249	rgba(45,125,210,1.0)	0
250	rgba(151,204,4,1.0)	1
251	rgba(71,70,71,1.0)	7
252	rgba(238,185,2,1.0)	2
253	rgba(238,185,2,1.0)	2
254	rgba(238,185,2,1.0)	2
255	rgba(35,206,107,1.0)	8
256	rgba(152,38,73,1.0)	4
257	rgba(71,70,71,1.0)	7
258	rgba(255,192,190,1.0)	5
259	rgba(35,206,107,1.0)	8
260	rgba(45,125,210,1.0)	0
261	rgba(244,93,1,1.0)	3
262	rgba(35,206,107,1.0)	8
263	rgba(238,185,2,1.0)	2
264	rgba(151,204,4,1.0)	1
265	rgba(198,236,174,1.0)	9
266	rgba(244,93,1,1.0)	3
267	rgba(198,236,174,1.0)	9
268	rgba(3,4,94,1.0)	6
269	rgba(244,93,1,1.0)	3
270	rgba(71,70,71,1.0)	7
271	rgba(35,206,107,1.0)	8
272	rgba(244,93,1,1.0)	3
273	rgba(152,38,73,1.0)	4
274	rgba(3,4,94,1.0)	6
275	rgba(255,192,190,1.0)	5
276	rgba(3,4,94,1.0)	6
277	rgba(35,206,107,1.0)	8
278	rgba(45,125,210,1.0)	0
279	rgba(238,185,2,1.0)	2
280	rgba(255,192,190,1.0)	5
281	rgba(238,185,2,1.0)	2
282	rgba(152,38,73,1.0)	4
283	rgba(255,192,190,1.0)	5
284	rgba(71,70,71,1.0)	7
285	rgba(238,185,2,1.0)	2
286	rgba(244,93,1,1.0)	3
287	rgba(45,125,210,1.0)	0
288	rgba(244,93,1,1.0)	3
289	rgba(255,192,190,1.0)	5
290	rgba(255,192,190,1.0)	5
291	rgba(3,4,94,1.0)	6
292	rgba(71,70,71,1.0)	7
293	rgba(198,236,174,1.0)	9
294	rgba(71,70,71,1.0)	7
295	rgba(198,236,174,1.0)	9
296	rgba(152,38,73,1.0)	4
297	rgba(71,70,71,1.0)	7
298	rgba(71,70,71,1.0)	7
299	rgba(35,206,107,1.0)	8
300	rgba(151,204,4,1.0)	1
301	rgba(45,125,210,1.0)	0
302	rgba(198,236,174,1.0)	9
303	rgba(45,125,210,1.0)	0
304	rgba(244,93,1,1.0)	3
305	rgba(71,70,71,1.0)	7
306	rgba(151,204,4,1.0)	1
307	rgba(255,192,190,1.0)	5
308	rgba(198,236,174,1.0)	9
309	rgba(244,93,1,1.0)	3
310	rgba(151,204,4,1.0)	1
311	rgba(255,192,190,1.0)	5
312	rgba(255,192,190,1.0)	5
313	rgba(35,206,107,1.0)	8
314	rgba(35,206,107,1.0)	8
315	rgba(45,125,210,1.0)	0
316	rgba(152,38,73,1.0)	4
317	rgba(255,192,190,1.0)	5
318	rgba(255,192,190,1.0)	5
319	rgba(238,185,2,1.0)	2
320	rgba(45,125,210,1.0)	0
321	rgba(35,206,107,1.0)	8
322	rgba(71,70,71,1.0)	7
323	rgba(45,125,210,1.0)	0
324	rgba(35,206,107,1.0)	8
325	rgba(238,185,2,1.0)	2
326	rgba(3,4,94,1.0)	6
327	rgba(3,4,94,1.0)	6
328	rgba(198,236,174,1.0)	9
329	rgba(3,4,94,1.0)	6
330	rgba(152,38,73,1.0)	4
331	rgba(35,206,107,1.0)	8
332	rgba(238,185,2,1.0)	2
333	rgba(238,185,2,1.0)	2
334	rgba(238,185,2,1.0)	2
335	rgba(3,4,94,1.0)	6
336	rgba(255,192,190,1.0)	5
337	rgba(71,70,71,1.0)	7
338	rgba(35,206,107,1.0)	8
339	rgba(71,70,71,1.0)	7
340	rgba(255,192,190,1.0)	5
341	rgba(244,93,1,1.0)	3
342	rgba(198,236,174,1.0)	9
343	rgba(35,206,107,1.0)	8
344	rgba(35,206,107,1.0)	8
345	rgba(244,93,1,1.0)	3
346	rgba(45,125,210,1.0)	0
347	rgba(255,192,190,1.0)	5
348	rgba(244,93,1,1.0)	3
349	rgba(244,93,1,1.0)	3
350	rgba(255,192,190,1.0)	5
351	rgba(198,236,174,1.0)	9
352	rgba(255,192,190,1.0)	5
353	rgba(35,206,107,1.0)	8
354	rgba(244,93,1,1.0)	3
355	rgba(35,206,107,1.0)	8
356	rgba(152,38,73,1.0)	4
357	rgba(71,70,71,1.0)	7
358	rgba(255,192,190,1.0)	5
359	rgba(151,204,4,1.0)	1
360	rgba(45,125,210,1.0)	0
361	rgba(35,206,107,1.0)	8
362	rgba(71,70,71,1.0)	7
363	rgba(152,38,73,1.0)	4
364	rgba(71,70,71,1.0)	7
365	rgba(198,236,174,1.0)	9
366	rgba(35,206,107,1.0)	8
367	rgba(3,4,94,1.0)	6
368	rgba(71,70,71,1.0)	7
369	rgba(152,38,73,1.0)	4
370	rgba(244,93,1,1.0)	3
371	rgba(238,185,2,1.0)	2
372	rgba(45,125,210,1.0)	0
373	rgba(3,4,94,1.0)	6
374	rgba(71,70,71,1.0)	7
375	rgba(45,125,210,1.0)	0
376	rgba(3,4,94,1.0)	6
377	rgba(151,204,4,1.0)	1
378	rgba(151,204,4,1.0)	1
379	rgba(45,125,210,1.0)	0
380	rgba(255,192,190,1.0)	5
381	rgba(238,185,2,1.0)	2
382	rgba(152,38,73,1.0)	4
383	rgba(244,93,1,1.0)	3
384	rgba(244,93,1,1.0)	3
385	rgba(35,206,107,1.0)	8
386	rgba(3,4,94,1.0)	6
387	rgba(244,93,1,1.0)	3
388	rgba(198,236,174,1.0)	9
389	rgba(35,206,107,1.0)	8
390	rgba(35,206,107,1.0)	8
391	rgba(3,4,94,1.0)	6
392	rgba(152,38,73,1.0)	4
393	rgba(35,206,107,1.0)	8
394	rgba(3,4,94,1.0)	6
395	rgba(151,204,4,1.0)	1
396	rgba(244,93,1,1.0)	3
397	rgba(152,38,73,1.0)	4
398	rgba(3,4,94,1.0)	6
399	rgba(151,204,4,1.0)	1
400	rgba(3,4,94,1.0)	6
401	rgba(45,125,210,1.0)	0
402	rgba(45,125,210,1.0)	0
403	rgba(244,93,1,1.0)	3
404	rgba(238,185,2,1.0)	2
405	rgba(152,38,73,1.0)	4
406	rgba(45,125,210,1.0)	0
407	rgba(255,192,190,1.0)	5
408	rgba(198,236,174,1.0)	9
409	rgba(45,125,210,1.0)	0
410	rgba(244,93,1,1.0)	3
411	rgba(198,236,174,1.0)	9
412	rgba(255,192,190,1.0)	5
413	rgba(238,185,2,1.0)	2
414	rgba(151,204,4,1.0)	1
415	rgba(151,204,4,1.0)	1
416	rgba(35,206,107,1.0)	8
417	rgba(198,236,174,1.0)	9
418	rgba(238,185,2,1.0)	2
419	rgba(35,206,107,1.0)	8
420	rgba(198,236,174,1.0)	9
421	rgba(3,4,94,1.0)	6
422	rgba(45,125,210,1.0)	0
423	rgba(45,125,210,1.0)	0
424	rgba(238,185,2,1.0)	2
425	rgba(45,125,210,1.0)	0
426	rgba(244,93,1,1.0)	3
427	rgba(151,204,4,1.0)	1
428	rgba(3,4,94,1.0)	6
429	rgba(3,4,94,1.0)	6
430	rgba(35,206,107,1.0)	8
431	rgba(35,206,107,1.0)	8
432	rgba(198,236,174,1.0)	9
433	rgba(152,38,73,1.0)	4
434	rgba(238,185,2,1.0)	2
435	rgba(35,206,107,1.0)	8
436	rgba(151,204,4,1.0)	1
437	rgba(152,38,73,1.0)	4
438	rgba(151,204,4,1.0)	1
439	rgba(152,38,73,1.0)	4
440	rgba(255,192,190,1.0)	5
441	rgba(198,236,174,1.0)	9
442	rgba(35,206,107,1.0)	8
443	rgba(35,206,107,1.0)	8
444	rgba(238,185,2,1.0)	2
445	rgba(198,236,174,1.0)	9
446	rgba(152,38,73,1.0)	4
447	rgba(152,38,73,1.0)	4
448	rgba(3,4,94,1.0)	6
449	rgba(152,38,73,1.0)	4
450	rgba(45,125,210,1.0)	0
451	rgba(238,185,2,1.0)	2
452	rgba(45,125,210,1.0)	0
453	rgba(255,192,190,1.0)	5
454	rgba(255,192,190,1.0)	5
455	rgba(198,236,174,1.0)	9
456	rgba(71,70,71,1.0)	7
457	rgba(198,236,174,1.0)	9
458	rgba(238,185,2,1.0)	2
459	rgba(71,70,71,1.0)	7
460	rgba(45,125,210,1.0)	0
461	rgba(35,206,107,1.0)	8
462	rgba(151,204,4,1.0)	1
463	rgba(151,204,4,1.0)	1
464	rgba(152,38,73,1.0)	4
465	rgba(151,204,4,1.0)	1
466	rgba(35,206,107,1.0)	8
467	rgba(244,93,1,1.0)	3
468	rgba(238,185,2,1.0)	2
469	rgba(244,93,1,1.0)	3
470	rgba(244,93,1,1.0)	3
471	rgba(244,93,1,1.0)	3
472	rgba(244,93,1,1.0)	3
473	rgba(151,204,4,1.0)	1
474	rgba(71,70,71,1.0)	7
475	rgba(238,185,2,1.0)	2
476	rgba(198,236,174,1.0)	9
477	rgba(71,70,71,1.0)	7
478	rgba(198,236,174,1.0)	9
479	rgba(244,93,1,1.0)	3
480	rgba(244,93,1,1.0)	3
481	rgba(152,38,73,1.0)	4
482	rgba(35,206,107,1.0)	8
483	rgba(244,93,1,1.0)	3
484	rgba(71,70,71,1.0)	7
485	rgba(152,38,73,1.0)	4
486	rgba(152,38,73,1.0)	4
487	rgba(35,206,107,1.0)	8
488	rgba(198,236,174,1.0)	9
489	rgba(71,70,71,1.0)	7
490	rgba(152,38,73,1.0)	4
491	rgba(198,236,174,1.0)	9
492	rgba(3,4,94,1.0)	6
493	rgba(152,38,73,1.0)	4
494	rgba(35,206,107,1.0)	8
495	rgba(255,192,190,1.0)	5
496	rgba(45,125,210,1.0)	0
497	rgba(152,38,73,1.0)	4
498	rgba(3,4,94,1.0)	6
499	rgba(71,70,71,1.0)	7
